time,x,y,z,phi,theta,psi,x_velocity,y_velocity,z_velocity,phi_velocity,theta_velocity,psi_velocity,rotor_speed1,rotor_speed2,rotor_speed3,rotor_speed4
0.06,-2.18640136489e-06,-1.23725466361e-07,10.0102911017,6.28295773532,0.00105859824892,0.0,-0.000164100887222,-1.79628502307e-05,0.342997187921,-0.0127294645696,0.0397573955138,0.0,506.67384750999366,509.52360067398996,508.7388437583012,507.8268055468354
0.12000000000000001,-4.35312886854e-05,-9.00208114102e-06,10.0341195063,6.28192795016,0.00358542533791,0.0,-0.00146794169869,-0.000368546232542,0.451245288295,-0.0279636501775,0.0464518378223,0.0,439.1522473636995,439.70807384052745,440.5025370163677,439.24121127032095
0.18,-0.000214141861961,-6.26517032332e-05,10.0636126042,6.27992650814,0.00657136731292,0.0,-0.00450578795768,-0.00159901420015,0.531821758891,-0.0472377930095,0.0556813885311,0.0,430.06958693625717,430.8521219251392,432.19993890744166,430.57209631037125
0.23999999999999996,-0.000635747152618,-0.000237997099911,10.0989137401,6.27659930408,0.00968328202836,0.0,-0.00988406126735,-0.00455539699307,0.644821347476,-0.0818689341197,0.0428678724686,0.0,441.8496650876991,440.7939250921155,442.75965545895235,439.89913524670175
0.3,-0.00143725308171,-0.000664856475917,10.1404212035,6.27160473339,0.0126291880783,0.0,-0.0171134546388,-0.0101734263828,0.738697113948,-0.0861408901461,0.0593044788073,0.0,434.4320107458695,435.80933947978724,435.8948597187863,435.53195107751543
0.36000000000000004,-0.00270338680469,-0.0015009316001,10.1850916331,6.26656563615,0.0162113500208,0.0,-0.0254084123927,-0.0181491261134,0.750298980182,-0.0799909778519,0.0604871327054,0.0,407.86237956904733,407.97083792360735,408.81253446622253,409.35361901940007
0.4200000000000001,-0.00460160619698,-0.00297755894219,10.2345863319,6.26154753345,0.0195836728736,0.0,-0.0382483706998,-0.0316048731149,0.899401605422,-0.0921498471661,0.045863779749,0.0,453.33220967486636,452.157856824591,453.5039187870756,452.5207114695216
0.48000000000000015,-0.00738871384553,-0.00542795453565,10.2953355597,6.2557284221,0.0229044592656,0.0,-0.0550234436203,-0.0507520837296,1.12535313954,-0.109018390539,0.0696076225541,0.0,475.3915720010064,477.20897928312684,476.62526757317875,475.32695005186287
0.5400000000000001,-0.0111033967864,-0.00897332033292,10.362643488,6.24922291638,0.026947378577,0.0,-0.0691541267042,-0.0679887053445,1.11822513579,-0.10726514995,0.0625137959176,0.0,402.55629038837696,401.9178485215478,403.5615513194582,403.70810121247484
0.6000000000000002,-0.0158376634946,-0.0137964354394,10.4332246341,6.2425697888,0.0305998366263,0.0,-0.0890385007182,-0.0934592047876,1.23432368775,-0.119332303893,0.0573769593951,0.0,443.83058230372677,443.41147320425625,443.8371238060387,442.83471347850826
0.6600000000000003,-0.0217928924724,-0.0202263899824,10.50922146,6.23501070487,0.0339745607402,0.0,-0.109797284724,-0.121576156742,1.29878881218,-0.144586860198,0.0538814232191,0.0,426.5125404602802,426.21622524506154,429.38048232570264,427.2171713360242
0.7200000000000003,-0.0290548398276,-0.0284907867013,10.5889534054,6.22632705188,0.036907579653,0.0,-0.132564610122,-0.154733921457,1.35881590788,-0.1450100828,0.036322875205,0.0,426.63163177346195,425.1314917762262,426.4598599324207,426.4031637639373
0.7800000000000004,-0.0378743809045,-0.0391296838005,10.6759647627,6.21753729253,0.0391832751195,0.0,-0.161666998345,-0.200880825875,1.54125844096,-0.149642919231,0.0409591490618,0.0,464.4260959136275,464.79017967139384,465.04371235328745,464.66162366693237
0.8400000000000004,-0.0485130988783,-0.0527736950355,10.7743779747,6.20832372038,0.0419285951566,0.0,-0.193251462893,-0.254957563143,1.73880768223,-0.162830890432,0.0539407022275,0.0,469.16851395984054,470.1763292851921,470.6395737949942,469.5967998608556
0.9000000000000005,-0.0608541087438,-0.0694133395731,10.8785101684,6.19836640556,0.0452384051748,0.0,-0.218399674664,-0.300547482889,1.73218690262,-0.173067697689,0.0575024203427,0.0,406.5323449676267,406.85369527534596,405.01786850897145,404.0667520866921
0.9600000000000005,-0.0749116839997,-0.0892444319919,10.9854497255,6.18775091069,0.0490465560505,0.0,-0.250553203232,-0.361544086246,1.83218226778,-0.186025725374,0.0733143063127,0.0,440.4240389573106,441.73269012004613,441.5178680044879,440.41689342191864
1.0200000000000005,-0.0912281539648,-0.11343950532,11.1032913999,6.17626446529,0.0535973136442,0.0,-0.293874466681,-0.446336205552,2.09523223244,-0.205367494862,0.0804787719236,0.0,490.72616326757446,491.261576988597,491.03017313066795,489.5609284648989
1.0800000000000005,-0.11012616293,-0.142747676715,11.2343875722,6.16348228606,0.0582773587991,0.0,-0.336584613989,-0.531979473199,2.27408030284,-0.23632013971,0.0725200444157,0.0,466.7609828719658,466.14400314556957,469.45802034975344,467.0067011358543
1.1400000000000006,-0.131409676172,-0.176911039313,11.3714083319,6.14895944196,0.0626394569744,0.0,-0.373258707201,-0.608079912893,2.29302116218,-0.257056427421,0.073062168591,0.0,418.53891259330004,418.5905435531692,418.0078096100418,416.13329319070715
1.2000000000000006,-0.155082596021,-0.216142485655,11.5112152416,6.13316889628,0.0668497229989,0.0,-0.416254863325,-0.701136125395,2.36676997246,-0.279624663952,0.0636548181875,0.0,436.274228732138,435.4919150677834,438.1303669630382,436.17800115429026
1.2600000000000007,-0.181435624128,-0.261314596243,11.6556474598,6.11687691949,0.0707013608565,0.0,-0.462551514214,-0.806202992343,2.44712527974,-0.258945414921,0.0652505263382,0.0,439.68336013456127,439.8186016212784,438.75319522148266,440.3907316661874
1.3200000000000007,-0.210858728863,-0.313615715065,11.8077790237,6.10123273077,0.0744566415092,0.0,-0.518629344458,-0.938855517549,2.62311580058,-0.2645742658,0.0566490767722,0.0,470.780766190517,470.11735130973807,470.91316043827794,470.4132093559378
1.3800000000000008,-0.243614143804,-0.373947616149,11.9688517218,6.08534863834,0.0777390187,0.0,-0.57355100551,-1.07381390721,2.74524457282,-0.265057303384,0.0505080463036,0.0,455.06475287710833,454.5748373365906,456.74577830709234,456.6386781964368
1.4400000000000008,-0.2797945317,-0.442867131653,12.1379166642,6.06927304336,0.0805783878297,0.0,-0.63275501535,-1.22514954722,2.88939038506,-0.274374249134,0.0400417658402,0.0,464.2149570555352,463.394176205413,464.93692172473243,464.1371768978384
1.5000000000000009,-0.319285609558,-0.520415203314,12.3118819642,6.05342961758,0.0837905772804,0.0,-0.683872817954,-1.36121202547,2.90893210807,-0.248878542447,0.0720046600575,0.0,423.9135392087087,426.6531760584996,425.5948581262763,427.6971747398456
1.560000000000001,-0.361719101118,-0.605892767948,12.4847466977,6.03867454402,0.088488274123,0.0,-0.730952370238,-1.48923303871,2.85292997006,-0.240581888804,0.0885794639377,0.0,400.22885833798125,401.7401490748758,400.4846829535891,401.17083687277
1.620000000000001,-0.40714720871,-0.699530419656,12.6551437587,6.0248424944,0.0939954177707,0.0,-0.783782646936,-1.6331956311,2.82654624382,-0.215651205216,0.0975267844096,0.0,411.9291374601414,412.7273814035223,410.9520305525905,413.0978062243662
1.680000000000001,-0.456231506457,-0.803086529069,12.8278127608,6.01150064902,0.100064318895,0.0,-0.852953667414,-1.8199112733,2.92819540787,-0.241194625996,0.107549054733,0.0,455.26739602147404,456.0771274466447,457.28228782696135,455.1943473096555
1.740000000000001,-0.509401210744,-0.91760180686,13.0046036554,5.99683162547,0.106770592814,0.0,-0.919978177289,-1.99854940142,2.96406488195,-0.252024129504,0.119097288606,0.0,435.51951759366546,436.4956394857003,437.5446417710949,436.58093806213924
1.8000000000000012,-0.566578468639,-1.04272760321,13.1821400663,5.9818317816,0.113734736377,0.0,-0.986547154244,-2.17357009744,2.95314471903,-0.246231803367,0.109203024036,0.0,422.5543963088272,421.7133292182686,422.4719651615717,422.90492499887307
1.8600000000000012,-0.628598876581,-1.1804939754,13.3648994726,5.96761828501,0.119821575662,0.0,-1.08147468958,-2.42005988982,3.13735172472,-0.222813181229,0.0776620952906,0.0,488.4111333861598,486.0604993024269,486.22248396930115,487.922629840135
1.9200000000000013,-0.696020853099,-1.33225737128,13.5551716072,5.9543845469,0.12400169969,0.0,-1.16633158851,-2.63989021236,3.20401846459,-0.216410201379,0.0445640596924,0.0,453.9604413354368,451.299917734467,453.63113483797565,454.09794920539355
1.9800000000000013,-0.768455114629,-1.49706343217,13.7481266137,5.94152261981,0.126522872739,0.0,-1.24835539341,-2.85474595333,3.22693693147,-0.210567523425,0.0363729505711,0.0,441.26434616511733,440.5885512674158,440.84364472742635,441.28043290518644
2.0400000000000014,-0.845846615372,-1.67497131228,13.9422506385,5.92887019659,0.128786308423,0.0,-1.33153439203,-3.07658305115,3.24296936718,-0.211492135083,0.0402969303811,0.0,440.2603490500702,440.58561449685567,441.01585458258273,440.8952684236332
2.1000000000000014,-0.928348065756,-1.86662645543,14.1377498184,5.91682218993,0.130767296606,0.0,-1.41868500506,-3.31295611889,3.27266227408,-0.185204720324,0.011593105875,0.0,448.5381341571763,446.2011055340714,446.39057546677356,448.4908073190985
2.1600000000000015,-1.01624294812,-2.07305070778,14.3358307556,5.90560505025,0.131895271106,0.0,-1.51117290891,-3.56878784069,3.32890616976,-0.190692773644,0.030296548613,0.0,456.58038830221574,458.0702421392992,459.90641130625994,459.43876589173533
2.2200000000000015,-1.10963969026,-2.29484662543,14.5366311337,5.89403722283,0.133432649592,0.0,-1.60215657845,-3.825353148,3.36331039064,-0.197370139212,0.0140878699632,0.0,454.3587932155697,453.05741183377154,454.2571375431152,453.68585367931684
2.2800000000000016,-1.20851143147,-2.5322301917,14.7392705878,5.88333287693,0.134952657807,0.0,-1.69362565332,-4.0883333742,3.39019384484,-0.155282039108,0.041541666853,0.0,452.31279494398876,454.51875447486515,452.71755957201515,456.06013208806075
2.3400000000000016,-1.31311208039,-2.78618655076,14.9447710145,5.87437551348,0.137621989587,0.0,-1.79323645961,-4.37756801413,3.45846744957,-0.139415204048,0.0498116680246,0.0,470.2507793467224,470.8920341045888,469.18815504769043,470.398743953236
2.4000000000000017,-1.42346050275,-3.05686235661,15.1523299799,5.86610072245,0.14096225071,0.0,-1.88528380221,-4.6456075241,3.45910646339,-0.135069793638,0.0653687471492,0.0,450.34556822208737,451.60434870425274,450.0137523387036,450.3480441894967
2.4600000000000017,-1.53873547454,-3.3418971736,15.3555456572,5.8577933724,0.144837752243,0.0,-1.9575288712,-4.85631000793,3.31438311832,-0.146263469691,0.0629912546108,0.0,401.062412266464,400.8499308830828,400.09298082009394,399.0520629601557
2.520000000000002,-1.65879871414,-3.64083552983,15.5524272289,5.84892655073,0.148486506103,0.0,-2.04486618516,-5.10903548404,3.24748067689,-0.150996986301,0.056056514143,0.0,429.7689234286762,429.18340092222655,431.606876541009,431.18588820602986
2.580000000000002,-1.78450694843,-3.95606969705,15.7472271011,5.84005704665,0.15161509705,0.0,-2.14563592466,-5.39945531215,3.24458082853,-0.142141911414,0.0428709069902,0.0,456.0618566000665,455.0089653073906,454.38035198087823,455.06979662447793
2.640000000000002,-1.91566746255,-4.28708428688,15.9378594028,5.83176989944,0.153763105393,0.0,-2.22658091044,-5.63515259654,3.10925850036,-0.13109832833,0.0153515607967,0.0,411.0914060649911,408.6457708971356,409.8749808849251,410.83597669061913
2.700000000000002,-2.05171828163,-4.6324042604,16.1202674318,5.82401235762,0.154633017174,0.0,-2.30853764059,-5.87629593762,2.97045260005,-0.125908571627,0.0127355089726,0.0,410.9261630752729,410.6940585715669,409.42763296421225,409.8723323446407
2.760000000000002,-2.19293561874,-4.99300940716,16.2955616093,5.81746931047,0.155475725862,0.0,-2.39876251612,-6.14456842331,2.87189991933,-0.0875928352311,0.016543488484,0.0,427.0434486338182,427.368105078304,424.95421824845084,428.2146058314542
2.820000000000002,-2.3396667714,-5.3700946438,16.4652860695,5.81207568414,0.15635798914,0.0,-2.49233622202,-6.42553316227,2.78476119251,-0.0949422761971,0.0107462758478,0.0,432.6465468555631,432.15797992597396,433.89358658179185,433.2690072447696
2.880000000000002,-2.49251038277,-5.7655674677,16.6323657621,5.80624590591,0.157145175101,0.0,-2.60242085459,-6.75737495758,2.78318591677,-0.102017924397,0.0174879089599,0.0,464.9860749114456,465.5138795065621,465.8218761776708,465.26050410317464
2.940000000000002,-2.6510332704,-6.17837529888,16.7939039461,5.79983325288,0.158794763588,0.0,-2.68182581581,-7.00371402699,2.60094735492,-0.118986296352,0.0423501404345,0.0,401.233557839621,403.48520547663486,402.9312698529112,401.38237934751305
3.000000000000002,-2.8152488888,-6.60872121213,16.94931558,5.79270518391,0.161587451722,0.0,-2.79217366559,-7.34173809267,2.57789660998,-0.118433755774,0.0538329162583,0.0,461.68797346325425,462.59441372723927,463.3214482046127,463.35283677969693
3.0600000000000023,-2.98602791808,-7.05920559085,17.1025388112,5.78574592726,0.164917125233,0.0,-2.90066192307,-7.67502326756,2.52805224344,-0.111500281751,0.0586251830921,0.0,456.29304660548814,456.6775229818963,457.3480200076027,457.88840243482315
3.1200000000000023,-3.16367111318,-7.53070610867,17.2541115923,5.77891032519,0.168440421079,0.0,-3.02096822365,-8.04215752625,2.52251445524,-0.119279004815,0.0589136511787,0.0,476.2152606432795,476.2394823096958,476.04211717695995,475.43572507609184
3.1800000000000024,-3.34813166036,-8.02309328893,17.4027218525,5.7714150021,0.171929738051,0.0,-3.12793238139,-8.37144761005,2.42970014681,-0.139653457446,0.0565943785278,0.0,450.336865987828,450.15147794126995,450.1230509981968,448.4564545052447
3.2400000000000024,-3.5395636644,-8.53682667246,17.5480165518,5.76293922941,0.175170715496,0.0,-3.25326729998,-8.75358075117,2.41130247433,-0.144689132381,0.048287147838,0.0,480.4080192517122,479.77925833072834,479.3759792482847,478.97608172225205
3.3000000000000025,-3.73801154849,-9.0721283446,17.6891942538,5.75429458578,0.17796450196,0.0,-3.36180374852,-9.09060816229,2.29300291033,-0.142882551011,0.0428718048761,0.0,449.43028329173757,448.9922907243393,449.5613419601182,449.68862007070925
3.3600000000000025,-3.9431267081,-9.62817380757,17.8235555254,5.74546866863,0.181096884182,0.0,-3.47549086512,-9.44500828328,2.1838897698,-0.15723586734,0.0662970633321,0.0,456.56152589679436,458.4287826860515,456.743964038213,455.5776235100874
3.4200000000000026,-4.15505628554,-10.2055345172,17.9508142533,5.73586715374,0.185162946209,0.0,-3.58902693228,-9.80115511599,2.05614555151,-0.166277167622,0.0705563482357,0.0,455.3627929032799,455.7067996661921,454.2108211579157,453.46110215554285
3.4800000000000026,-4.37270236706,-10.8012769537,18.064860106,5.72554382744,0.189260870234,0.0,-3.66615828473,-10.0582012107,1.74463547945,-0.187260806367,0.0633537034978,0.0,386.78025559266626,386.10533369695395,387.78509928290407,385.774331990864
3.5400000000000027,-4.59610112147,-11.4156372246,18.1647355513,5.71424584979,0.193740924959,0.0,-3.7806489087,-10.4213793603,1.58242245884,-0.190459128279,0.0909423555915,0.0,449.3278141222251,451.56356890934507,448.44150327755773,448.14740451709565
3.6000000000000028,-4.82693316009,-12.0533961743,18.256658902,5.70233106645,0.199160341582,0.0,-3.91395677611,-10.8379445029,1.47884464694,-0.224359239548,0.0890574025972,0.0,476.36614650173095,476.2281741354436,477.9111711760082,475.2824463076379
3.660000000000003,-5.06496432127,-12.7140204048,18.3383314516,5.68913403105,0.204196804034,0.0,-4.02064143948,-11.1838913819,1.24145270981,-0.212350136883,0.0709984314191,0.0,433.42483564310146,431.90975425008975,433.5081601482573,434.4671234015267
3.720000000000003,-5.30936790021,-13.3954240305,18.4050545038,5.67646083658,0.208353699771,0.0,-4.1263123277,-11.5306426754,0.980587906644,-0.209053937175,0.0656076492042,0.0,430.0785014096058,429.62531812708113,429.32599507811807,429.5600026200561
3.780000000000003,-5.56053370136,-14.0989044447,18.457210743,5.66388749509,0.212287563572,0.0,-4.24596387516,-11.9196401119,0.755381944841,-0.210576719827,0.0654777940958,0.0,449.38879373730464,449.3813873586519,449.867841980505,449.7018091797709
3.840000000000003,-5.81914958751,-14.8266027062,18.4962871301,5.65119396835,0.216154643649,0.0,-4.37458760713,-12.3377982267,0.544206622279,-0.213595215902,0.0623161269612,0.0,462.0739077420282,461.82738000299594,462.10750013847417,461.8271452348233
3.900000000000003,-6.08421036662,-15.5761302896,18.5174265288,5.63847339211,0.219560711814,0.0,-4.46096883668,-12.6478721675,0.158771102984,-0.20901845309,0.0423568586731,0.0,399.31215637507427,397.4889566927671,396.71189648799657,397.0818841625996
3.960000000000003,-6.35520401028,-16.3464779458,18.5176420017,5.62579830571,0.221773818422,0.0,-4.5721524355,-13.0315250174,-0.154127036946,-0.216130395778,0.022736684207,0.0,435.175150117966,433.52970686702315,434.65939025601,434.01751789594135
4.020000000000002,-6.63340735559,-17.1415566264,18.5004658536,5.61325709692,0.22324877307,0.0,-4.70110413118,-13.4720175663,-0.421643073968,-0.197663461627,0.0280395851278,0.0,460.4533803969715,460.8729205570098,458.91000610564697,460.33227426790324
4.080000000000001,-6.91908309955,-17.9626279653,18.4657961127,5.60163972464,0.224623739009,0.0,-4.82130269426,-13.8981161429,-0.737024411634,-0.186577882244,0.00994059829903,0.0,450.15358808551895,448.68607293068413,449.2634429086269,450.12553484278016
4.14,-7.2123892799,-18.8107246475,18.4131043675,5.59043781293,0.225526925196,0.0,-4.95529977279,-14.3726960338,-1.02290625414,-0.186940537701,0.0237001054368,0.0,469.46311519631405,470.5298329568465,469.81063618449195,469.75072783425287
4.199999999999998,-7.5122635509,-19.6835268347,18.3377827633,5.57912349328,0.226490996846,0.0,-5.04060956097,-14.722487207,-1.48999900834,-0.19204674836,-0.00710270827438,0.0,403.042320361723,400.24731793750647,402.47575953187595,401.9744084900628
4.259999999999997,-7.81814367336,-20.5801398153,18.2368617494,5.56772096486,0.225971968366,0.0,-5.1551761556,-15.1659612316,-1.87732471023,-0.186313020957,-0.0119411406778,0.0,444.76732229537134,444.3708248759484,444.8447178352057,445.279078683125
4.319999999999996,-8.13198219276,-21.5068709338,18.1157268799,5.55669516306,0.225829687617,0.0,-5.30557364128,-15.7258077037,-2.16514371899,-0.17910448129,0.0119947446036,0.0,494.6477306839331,496.40799019601974,494.0741969974019,494.5765622073929
4.379999999999995,-8.45482669769,-22.4675846568,17.9766425588,5.54551713352,0.226331441446,0.0,-5.45542285308,-16.2986954547,-2.4759043926,-0.207276844623,-0.00012638583323,0.0,498.66611106174116,497.77943247387896,499.662974512578,497.5736621414455
4.439999999999993,-8.78578161849,-23.4605443036,17.8154076463,5.53273020547,0.226786001537,0.0,-5.57606660613,-16.801140147,-2.90300974646,-0.228531703537,0.0197041789126,0.0,465.02347344488845,466.5748986571029,464.88794398039033,463.17540221565395
4.499999999999992,-9.12411380204,-24.4844973425,17.6282784224,5.51918986248,0.227960508486,0.0,-5.70127133843,-17.3315884936,-3.33967184977,-0.220501400878,0.0193157527527,0.0,474.68632400339055,474.6564357976073,473.2471487149917,473.8179654242541
4.559999999999991,-9.46986249034,-25.5404354592,17.4138714553,5.50627203917,0.229422136398,0.0,-5.82329978262,-17.8674369032,-3.81241222555,-0.206531679939,0.032909025881,0.0,471.5633068509775,472.61271458894754,474.30905531040924,475.33850229841187
4.6199999999999894,-9.82217070003,-26.6266901848,17.1679462157,5.49422508174,0.231373540789,0.0,-5.92015858392,-18.3428591595,-4.38965139698,-0.191248383062,0.0317409522345,0.0,441.96870304395287,441.87277123809304,442.69514884852094,443.91176640724245
4.679999999999988,-10.1798396079,-27.7405822018,16.8851922205,5.48284149713,0.233543672695,0.0,-6.00212165453,-18.7892551787,-5.03979693007,-0.186848494857,0.0438091617472,0.0,421.69805073006074,422.7404763254192,423.11201671630965,423.45386476661906
4.739999999999987,-10.5436240415,-28.8853715153,16.5660282162,5.47163703461,0.237199932927,0.0,-6.12370384458,-19.3719004867,-5.60507095311,-0.186527331958,0.0826271399364,0.0,474.11241772437313,477.0890886739282,477.6614581432923,477.65476761620613
4.799999999999986,-10.9144327811,-30.0648042555,16.2110949124,5.46141005521,0.24284576026,0.0,-6.23639528063,-19.9444240223,-6.23221413136,-0.149658043167,0.110533781826,0.0,467.34329619576494,469.5212331557082,465.707118407894,468.5560019481098
4.859999999999984,-11.2905365887,-31.2747820862,15.8133514229,5.45238945558,0.249446572349,0.0,-6.30059260634,-20.3918440389,-7.03077369431,-0.151748566583,0.108953163244,0.0,404.22934622949776,404.0988016044978,403.8517726666562,403.6392831838111
4.919999999999983,-11.6722184451,-32.5172441135,15.3711076111,5.44334809884,0.255972723055,0.0,-6.42193236508,-21.0259526348,-7.71789937908,-0.148653125042,0.108398972433,0.0,476.1456497757421,476.1127823541091,476.59353521937743,476.81051139635923
4.979999999999982,-12.0603661527,-33.7960755247,14.8841856643,5.43438748348,0.262226721944,0.0,-6.51626519162,-21.6051999269,-8.51977274079,-0.150759760621,0.0942389693433,0.0,445.6992170051102,444.54909942387025,446.17341600367087,445.98042412249976
5.0399999999999805,-12.4531959557,-35.1076991737,14.3453450956,5.42511983434,0.268247511875,0.0,-6.57818190949,-22.1201918969,-9.4482499453,-0.163126790407,0.110381437763,0.0,404.41805280149526,405.88000649831963,405.1738549407911,404.0344255068805
5.099999999999979,-12.8513370672,-36.4554931693,13.7531074557,5.41501796564,0.274531741732,0.0,-6.69284563245,-22.8096254993,-10.302166487,-0.181695722661,0.0899972401251,0.0,468.92029448487983,467.34201481666724,469.55706156820037,468.0876253883198
5.159999999999978,-13.2556701806,-37.843700123,13.1063256086,5.40431163499,0.280149183773,0.0,-6.78461361488,-23.4680375785,-11.2667434915,-0.172620505829,0.100033311746,0.0,445.0911865264349,445.9196340028444,445.27271637781064,445.9842800294571
5.219999999999977,-13.6655374394,-39.2725263931,12.3998791338,5.39407882424,0.286581339669,0.0,-6.87729574891,-24.1641227019,-12.2919952922,-0.166697520275,0.118644191389,0.0,448.53633610553135,450.0559209746041,448.46793500269183,448.921460591093
5.279999999999975,-14.08073432,-40.743668217,11.6293630617,5.38424125545,0.293997072295,0.0,-6.96230173195,-24.8793560574,-13.403345233,-0.158986015747,0.132002295947,0.0,442.1525462479491,443.26617682642575,442.8725343568264,443.4810133518584
5.339999999999974,-14.5010179442,-42.2589986414,10.7898514899,5.37456286041,0.302050580798,0.0,-7.04682156588,-25.6377902987,-14.5931866156,-0.16639899314,0.138332269425,0.0,444.6923528142296,445.22744408027444,444.68791890065825,444.0550549138359
5.399999999999973,-14.9256372654,-43.8194508392,9.8749447253,5.36483142766,0.310226965776,0.0,-7.1069109048,-26.384688895,-15.9175487749,-0.154888246411,0.131804516006,0.0,419.7497664207935,419.2008436968192,421.36595163590243,422.33388298626926
5.4599999999999715,-15.3545878275,-45.4282127746,8.87910915585,5.35524176667,0.318164244608,0.0,-7.19098160386,-27.2485325417,-17.293260899,-0.172183944654,0.133236776835,0.0,447.4232915803478,447.5559061742738,449.1225608073808,447.6923039279081
5.51999999999997,-15.7878837099,-47.0889963383,7.79619528837,5.34493956026,0.326414968853,0.0,-7.25174512153,-28.1199408892,-18.8220253097,-0.170760681601,0.144916939638,0.0,427.8392642909356,428.85144120006623,427.05630813839684,427.148172785839
5.579999999999969,-16.2264104799,-48.8079764702,6.62061697075,5.33445814981,0.336639573611,0.0,-7.36482423752,-29.1881282512,-20.3861200894,-0.183996009942,0.197929261636,0.0,479.0394493403914,483.079326630421,482.8266870912136,481.7995607250452
5.639999999999968,-16.6702914885,-50.5900727291,5.34446051868,5.32375813512,0.348745444077,0.0,-7.43036761592,-30.2260859255,-22.1768587269,-0.168918327076,0.208493032931,0.0,443.6389249393305,444.54585196509197,444.34806342638655,445.5524104801237
5.699999999999966,-17.1184059931,-52.4378873292,3.95640118349,5.31325326432,0.361268435372,0.0,-7.50580944585,-31.3804934325,-24.1202347925,-0.191715171089,0.209159017611,0.0,459.47888478198064,459.5730126441521,458.83698883391196,456.993192703949
5.759999999999965,-17.5701023806,-54.3560745913,2.44456585057,5.30253611727,0.373770029421,0.0,-7.54971433601,-32.5742432431,-26.3069677882,-0.1605517627,0.206714764882,0.0,437.45482199220623,437.2945728011308,436.0054712546052,438.57093999308285
5.819999999999964,-18.0253175389,-56.3515029871,0.796058589442,5.29296196708,0.386567672347,0.0,-7.62296293895,-33.9580691804,-28.6821423433,-0.157675474895,0.223955024582,0.0,467.2898422318373,468.67478662360645,467.47708502381835,467.67852608726196
5.879999999999963,-18.4843834746,-58.433251383,0.0,5.28420485931,0.400214954372,0.0,-7.67815628812,-35.455902012,-31.3562465963,-0.129257534063,0.233657121516,0.0,458.38860911003695,459.2089931048953,459.346369432271,461.5763378282247
